# n
256
# seed
0
# H^transpose (each line corresponds to column of H, the identity part is omitted)
11011111100100101001101110111000101101000001001101101011011010000110000001100111110101100010010110000000000101000000100010100011
10010010111000001101001111110010101001111011100010001110110010101100111101000011100000000110011001101010010000111011110011000111
10100100111010100100111110011110101101100100000010011110101010101000100111000000111001011111100011100101110000000101100111000101
11100001110111111000011001101001101110010000101011001101011000111011000110000110011001001001110111010010110001000000011000010111
00011111100010100010001110001000111011100110110111011100010011011001101101010110010101101011001001111011100001110000111000111111
00001110111101111011010001110001010001100100111101110101000111111001001000010001011110111110110000101000101010100111110001001001
11111100100111011110000001010110001001111010111110000010010100110101000110111000110010000010000110100111100011101010111000101101
10101001010000001001100110110111011100110000010000000101001110010110101011111011101011011100101101110010100100011111111000010101
10011000001111101111101000111010010011000101010100010111111101010101111011011011000110000101011011001100001001010001011111010000
10010101010010001111110010000100101100101011111100110101000100101111001100011010010011000000101100011001001110100010000100000010
11100101001101101101011011101010110001011101100111010110110010111011011101000100111001000000001111011011011011111110000000101000
01110111100000010111001010101101010111110010101001110110010100000001101110000111001110011011001011110011101111111011010100110011
11011101001110100101010001000010000010010000111010101011110010010001010100101101101110101011101011010111001111000100010101101100
10101010101001100000010011110011111110000011010010011000111001001110000101101101110100011011110010000100111011100100101101010100
01001000010110110011010011100010010110110011010110001011100010111011110110001100010001011001111110010000100100010000010100101101
10000000111111100000001010100111110010111110111111110010100111111001100001000011000010111101000011010100101000100011100101111110
10011110100001101110100000011101001000100101110100000111101000010000101010010111110011111100011000001001111111100111000101100001
01011111001100101110010111101101110010110101001001100100101110111000001011111100010111111000001000001010011000000111010001000110
10100000100101001110100111110110010001011000111101110001110101001010000001100001000001111011000100000110111110011000100110100110
10011110010100110011000011001101001000011110000100000000010111100010111110100000011011011010110110101011011100010110111101100011
00111011000111011111001000110101010110100001110011101100001010100100001001101010001010110110101011111111000110111000100110011111
00001001100101100111100011110111011101111111101011110010101001000000011011110010001111101110010110101000101100000010000000000110
01100011000001111100011111000010000110110001100101100011011101010110101011010011001001101000101000011111001101010011100111010001
00010111111101111110101110010100111111001011000010111011110011101000010001100010101101101000111001110011111101010100111111001010
10011001011001111100100010010010111000000101000110111011000011011110010100001101001000111111001001100011111011001000000011000001
11101000101000011111111111111110011110010000100101010000000001100110100110010000111011001000110110101110101100110001101111010100
11101101010100011011010000001001111110111010110110010011011010001100000110000110010000010100101101011011101010010101110010000011
00000111010110100110011000000111100110101010110110001100000101000110100011100101011110101101000010101100101010011000110110001011
11001100111111010101000101011001110000001110100100100100011110001110110100011111011011110011100101000010100011100111001000000100
01111110000000000111101001110101110111110110110010000011001011101111101010011111001111000011110110110111101010111101001000111010
01100101010000111011111000101100000100111011001111010000100000000011011100011101101011000001001111101110101011011110100011001001
10011010011111101001010100101111010101010110001010011110011110111101001101011011000100100000111001101111000111100110110000110111
00001100001010101000100011000110011101000110001101001001101000000110100010101101110100111110010011011010110101000011110101101001
00000110000000111001000110000011110010100111111001011011111100110001010110111011000110110000111110110000001101100100000011101100
00110101011011100000111001100010111100001010000111111100100001101111001011001010101111001100011000101011100010110011000110111001
00111100010010010000111001100111010110001101100010101110001011001101100111101011111010111101101001000111001111000010011001001000
10100000011100000011011000110010001001111001100010110000001001110010110001111001111001100011000001101010101011101011110011110001
00001100010011111111010101110001100110010011000000110110101010101110100110000101011100000101000111111000111110001110001001010110
01101101111111100110010110101100010010000111001001001110011001111111010111101110111100111110111011010110010001001110100111101000
10011010010001011001000101111110101110011110000010011101001011000111011011100111010010110000010011110011011011010100101101101110
11111100100010000000100010011010000000000110110110101000111000100100010001111010111100011010100011011000100000101100111000010011
10000011000110000000101101100100110010101101010011011000100111101100010000110000011101110011101010010100110000100111010110111011
11110010001111101100110000011001111011110001000010111101101000111011010011001011010000101101001111100000001001011010000011111010
01100111011101111001010100010001101101110001111001100101110110000110001100001101110111001111000010010100000011111110110111100001
00001111110011110000100110100011001111111001010000110110100111000110001000000000000001110101101000110001110110000101100001001001
01110101111110010000100001111110000101001110010001000000001101000000111011000010001001111011111010110010000110011001111111000000
11110101111100101100111101010010111110100010110111101101111011000110101000110101010010011111100001101011011110100111110000101100
01111100100110110011010110111111110000011010001101001100101001001110011011011111010110000011010001110111111111001100001110100001
01110010010000000101011000110011010001011111011101001011111000101000001110000001010001001011000110101101000100000011001000111101
11100010110001101010000111000100010001010101101101001110000011001011100101101000010011100000100011101101101001101100001110010000
01111000100010011101111111101100011011100010111010111001001011011111111001011010100011010011001010011100101110100010010101000000
01001001001001010001101010100111110011000111100011111010010111010111100001010110101010111000011111010010010101101011111111001110
00010010011001100111011011111100000011010000100111001010111110011011111010110010100100011101000010101001111110011010111100011100
01011111010101111001000110011101101111101000110011000011001011011111101110011111110111001010100110010101011000101100010010101100
11110100000001110001000010101111001011001000101001000011111110010101101101110100000011010010000100100000000001101110101000101101
01110110101011111110010011111100001011010000000110011110101000011010001100111111111110010111110001000011110100011010110110101010
10011100001000001010010011001001001110000001000100001010111000111101110000100110101110110011001101111111111001010110100001000000
11101010101100100111001111111110001110010110110001111100100010011010000011101100110011101101101100100010110101010010100010010011
10001001101010100001010010010000011001011110001100001111001110100001001010001000000001111011111100001101101100110001111000101010
01111110100110010110010111000000001000010111001010111100101100100011001001000111110011111011010111010100000011111011111011000010
01000101101001011001100010100110010101010101101100000101100110011000110011010000100111111101010001011101101011000011111001110010
10101111100010000100100000111100001001010011111000001110010101001101000101001110110100101001110001010011100010101101001001001111
00111001001010001010010100000101110111101011001000011000000101100010011111111100100110111011010101001101010100011100011101011010
10111110110110110000101111100011101000101111011011110010001000101000110100100111110010010000011101010110010110010001000011101110
00001011000100000000101010100100110011000111011110110100111001001010010100111100011111111110001101111000010010101110001001000010
00100101111100010010111010010011100000100011101011000111011000101001000100011001011110010100100010101101010000011001101110110001
01001000111011010010110100100010010111001000101001010011110011000101111111011000011111101110100001100011110100001000111111001100
01110000011101110001101111110101110000101101100100111111100010001110101011011110110111000011001111010010111010101000000110011100
10001001111110010011111010101000011111110010011011001001110110110010111110100000010010001010001010011110000001100010001000011111
01000001001000011100000101010011000100111011101111011110010001001101010000100001101010010100110001011111110010111101001110010001
10110000101010001000111100001001011111110101110001111000110101000001100100000000100001110110110010111001101000100101000000101001
11101000011010000001000100000000001011100011110000010100111001001011101101000001100111111001001001010100000100111101010000110101
11000010110011101101111010010100001000100100100010100111011000110001111100000101110001011100010001011000100010111001101101000001
10111101110001100100101010010101010100111001110010001001001100010001100110001011101101010000100100101111100011101111101101111110
11100101001000111010011101100100101100011011010111010110001011111101110000101001100000001110010111010001110101100111101110101001
01000011100100101101110101110110001000011011010011011011001011110110011011000101001001101111000111010010101010010110001000111111
10001111010011111011010111111111100010000011111111110100100110110000010011110000111100100000010101000100111111100010010011100111
01011010000010000101000110110001010111011100110001010011001000000010001001000111001110000100010000110111001010001011111000011011
10001011111100011000100011111111100110111110010110011110010000000011001001110001010010001000110101000001111000111101100001100011
10001101100010110000011110011111011111000100001010011101000000100101010111010101011011011000010011001101110101010111111100010101
11101101100111101011011001010001100011110100011101100001001001110001111010101100011001110000011010100100101100111110010010101001
11000111111011001011001010110111100101001110011010010111010010110101110000111111101111001101011101100000111000010111001111011110
11010100010101111010100110011001111110111100010001001010101000001011111110101000001111111101100101101111100110011001010101111100
11001001100011111000110111100110101110111111100011100001001100110100100100010011000000011100100000110101000111011110101100000001
00001011101111000100101111100001010011010010011000101111001111010011111010101010010100100101101000011001010110010001001100110011
11010111010100000001110100110001110011101010010101101001000110110101100011011001001101001111000111110111001001000111001001010001
10010010111110110110001100011000010101100110010000111100111001111111011010000001100111010011100011110111001010110001001101100110
10011001111001110000111100101000010000000100110101010011110011001110110111100010101101100101100011010111110010110000110110010000
11010100101110011011000101010100010100001001010011000011111000011101110010001111100111110111101000011001000000011000011111101010
10010000111010011010100110101100111101010010110011010101000110110000010011110101000110000111010000101100101101101000101101101000
11110010111000101100001001100100000100100010100001011001011110111001001101000100101111010001010100000001110100110000010000110011
10111100010100000011011011110001000011000011001001100000010010010110100111111100011100000110011100000000111000011110011010000110
00010101010001111100110111000100101010010110110010011110010110110110010010010011101010001011000011101010100101110001010000101111
01111111011110100001011111100101111001011100001011001100100011001111111011101001110001100000110100101111110011011000000000000000
01101000101101110000100100000100110001001110000111110111001111100100111000101010011010100000011101110110011100101101111001000000
11010101000101101010000011101011010001101001100110011001100101110000001111000000100100000100110110111111111100100010110101011001
00101100111010110001111100001100110100100111100101100001111100110011010011000111010101000101100001000111101001001001000100111100
10101110011001011000101001110010100101011100011011110010100001010110010110100110010110110001010010000100011111011111011011010011
11000110010110101001101010111110100100111010101010001010000000001001110101011110111000110101100001011000000000011100101010010000
01110000011110001101001000001010110101111011111001111110000011100111011100100010000000110011100110101001111010110110101000101110
00101000010111101010001011001100010010100111100100100000000110011000100111110001001110010101011000000010111000110011100000000000
01011010011001011100001111101110011111100101111000110000110010001111000110111010010011111100011011101001000111110100001000100010
01100000001111101111010001011110110100110111111000001001101001001101111000100101011001100100110101101100010101110010110001101101
01011001110110000010101010010110111101100001100101100111110011000001110111111110101110000110010100100010100011000001010100110010
01010110001010111000001010111101111000110110110101100111000100000011000101010000001000000110000100100000001100111111110000000011
01111001101111010010111101101111101011011001010101110110001101000001101010101010110101011101111001111110101100101100111101000101
00110001000010110100011000101011101100010110010011100100010010100010101101111100101010111000010001100010010011000010010101010010
10001110001110101101011001001111000101010010010111110110000011011001100100000111001000110111111101011100000010001010001001111110
10011100101000101111101110000010101010011101001111011110111100010110100110100101001001100000011000001100000010110111100100101010
10100000101000011101100000101100001111011100011111011010010110111001011000100111001101001000110011111111101110010011110010101000
01000110100010101000000011101000111100101101101000000100101010011010110011001000001001100101101010110000110011010110110011110111
11110101110011110000111000110000110001000000110011001000111101110110000000010000110111110000000000111001000001110101100001101100
00111100110100011010000110011001000110011101000000111001101110000110100000011000001011000001011001000001110100101001101101101001
00110011101011100110100111100000011001010010001001011010100000000111001111000100001001110010001101010101001011110001001011011000
10000100111111101101011000000101111100000101111001100001110001110001000111001100000011111100011011011100111101001000100001111111
10000111000011000101111001000101110100011111101000001000101000110010010111110110010000100010100101110001110000101110100011110111
11110111110100100100111110011111100010000011111000110101110011010100111110110100111101000001100010110111011111011010000001110101
10001100000000011001111001100100110111101100010101100110110001011110000001000101111001110101111100101100111100000010111001000000
01001001001011000001111100000011110011001000000101010010110101100101001010110100110011000010010000101010001101001100100100111101
10001001010111101000100100001011110101011010001110000100101110011000001111010000100000101110011100001011000010100000010000110001
11100010011010010110001011000101011100100010101001111100011110001001011100001001001110110010001101010110010010101011111000101001
10100111111101000101100010010110001000110001111010000011001011110111111101110100101001011001110101110011001011000000111001101011
11100110000000000100000001001011101010111110101000011111001111001000101100101011101000001110100110101111100110000000110100101110
01011001110101010010110101100001001111100101101110010110001111010000010111000100011000111101110100110011001001010000001010111111
10000000101110110011101011011001011000001100100100000000110010111000100111110000010001011101100010100011010000100101011011101011
01110010101001000111111101111110000101111001100010101110110101110010111011001011001001000111010111010010011001110010110101001101
10011101010100110011000100010100010011111100111101100110110110010101001011010010000111010011001011101100100000101010100010000000
10101000001100111100111110000110001101011101001100010001100100001110111010000110000100010010001101100100001010100010010010001111
